01###я╡кэяэйнцняондюпяэй╡
0
02###медепфюбм╡
0
3
01.17
4
0
5
0
6
0
7
0
8
0
9
0
09###депфюбм╡
0
10
0
11
0
12
01.09
13
0
14
0
15
01.13
16
0
17
0
17###цпнлюдъмх,
0
18
01.02
19
01.01
20
01.01
21
01.03
22
02.01
23
01.05
24
01.06
25
01.18
26
01.05
27
07.03
27###д╡къмйх
07.03
28
07.04
29
01.18
30
07.03
31
02.05
31###д╡къмйх
02.05
32
02.06
33
01.18
34
02.05
35
01.07
36
01.07
37
01.18
38
01.07
39
0
40
01.08
41
03.15
41###гюйкюдх
03.15
42
03.01
43
03.04
44
03.11
45
03.02
46
03.05
47
03.04
48
07.02
49
03.03
50
03.03
51
03.09
52
03.07
53
03.08
54
03.13
55
03.12
56
03.06
57
03.15
58
03.15
59
0
59###опнлхякнб╡
0
60
1.10.1
61
0
62
0
63
0
64
0
65
0
66
0
66###о╡допх╙лярбю
0
67
12.01
68
12.04
69
12.06
70
12.02
71
12.03
72
12.05
73
12.09
74
0
75
0
76
15.01
77
15.02
78
0
79
15.03
80
0
81
0
82
0
83
05.00
84
05.00
85
06.01
86
07.01
87
08.03
88
09.01
89
09.02
90
10.01
91
0
92
0
93
0
94
01.17
95
01.17
96
01.17
97
01.18
98
01.17
99
0
103
0
104
0
105
0
106
0
